22      1       0       0       0       0       0       0       1       0       0       0  00       0       0       0       0       0       0       0     0       0       0       17 00       0       0       0       0       0       0       0       0       0       0       0  00       0       0       0      0       0       0       0       0       0       0       2  00       0       0       1       0       0       0       0       0       0
0       38      0       0       0       0       0       1       0       0       0       0  00       0       0       0       0       5       0       0     0       0       0       0  00       0       0       0       0       0       0       0       0       0       0       0  00       0       0       0      0       0       0       0       2       0       0       0  00       0       0       0       0       0       0       0       0       0
2       2       32      1       0       0       0       5       1       0       0       0  00       0       0       0       0       1       0       0     0       0       0       1  00       0       0       0       1       0       0       0       0       0       0       0  00       1       0       0      0       0       0       0       0       0       1       0  00       0       0       0       0       0       0       0       0       0
0       0       1       54      0       0       1       1       1       1       0       0  00       0       0       0       0       1       0       0     0       0       0       0  00       0       1       0       0       0       0       0       0       0       0       0  00       0       0       0      0       0       0       0       1       0       0       0  00       0       0       0       0       0       0       0       0       0
0       5       0       0       27      0       0       1       0       3       1       0  00       0       0       0       0       0       0       0     0       0       0       0  00       0       0       0       0       0       0       0       0       0       0       0  00       0       0       0      1       0       0       0       1       0       0       0  00       0       0       3       0       0       0       0       0       0
0       1       0       1       0       29      1       0       0       0       0       0  00       0       0       0       0       0       0       0     0       0       0       0  00       0       3       0       0       0       0       0       0       0       0       1  00       0       0       0      0       0       0       0       0       0       0       0  00       2       0       0       0       0       0       0       0       0
1       2       0       0       0       0       35      0       0       0       0       0  10       0       0       0       0       0       0       0     1       0       0       0  00       0       0       0       0       0       0       0       0       0       0       1  00       0       0       0      1       0       0       0       0       0       0       0  00       0       0       0       0       0       0       0       0       0
0       4       0       0       0       0       0       48      0       3       0       0  00       0       0       0       0       0       0       0     0       0       0       0  00       0       0       1       0       0       0       0       0       0       0       0  00       0       0       0      0       0       0       0       0       0       0       0  00       0       0       0       0       0       0       0       0       0
0       0       0       4       0       3       1       2       39      6       0       0  00       0       0       0       0       0       0       0     0       0       0       0  10       0       0       0       0       0       0       0       0       0       0       0  00       2       0       0      0       0       0       0       0       0       0       0  00       2       0       0       0       0       0       0       0       0
0       0       0       0       2       0       0       6       0       34      0       0  00       0       0       0       0       1       0       0     0       0       0       0  00       0       0       0       0       0       0       0       0       0       0       0  00       0       0       1      0       0       0       0       0       0       0       0  00       0       0       0       0       0       0       0       0       0
0       0       0       0       0       0       0       0       0       0       4       0  00       0       0       0       0       0       0       0     0       0       0       0  10       0       0       0       0       0       0       0       0       0       0       0  00       0       0       0      2       0       0       0       0       0       2       0  00       0       0       0       0       0       0       0       0       0
0       0       0       3       0       0       0       0       0       0       0       0  00       0       0       0       0       0       0       0     0       0       0       1  00       0       0       0       0       0       0       0       0       0       0       0  00       0       0       0      1       0       0       0       0       0       1       0  00       0       0       0       0       0       0       0       0       0
1       0       0       0       0       0       1       0       0       0       0       0  11       0       0       0       0       0       0       0     0       1       0       0  10       0       0       0       0       1       0       0       0       0       0       0  02       0       0       0      0       0       0       0       0       0       0       0  10       0       1       0       0       0       0       0       0       0       0
1       0       1       0       0       1       0       0       0       0       0       0  00       0       0       0       0       0       0       0     0       0       0       2  00       0       0       0       0       0       0       0       0       0       0       0  00       0       0       0      0       0       0       0       0       0       0       0  00       0       0       0       0       0       0       0       0       0
0       0       2       0       0       0       0       0       1       0       0       0  00       2       1       0       0       0       0       0     0       0       0       0  00       0       0       0       0       0       0       0       0       0       0       0  00       1       0       0      0       0       0       0       0       0       0       0  00       0       0       0       0       0       0       0       0       0
0       1       0       0       0       1       0       0       0       0       0       0  10       0       8       0       0       0       0       0     0       0       0       0  10       0       0       0       0       0       0       0       0       0       0       0  00       0       0       0      0       0       0       0       1       0       0       0  00       3       0       2       0       0       0       0       0       0
0       1       0       0       1       1       1       0       0       0       0       0  00       1       0       0       0       0       0       0     0       0       0       0  00       0       0       0       0       0       0       0       0       0       0       0  00       0       0       0      0       0       0       0       0       0       0       0  00       0       0       0       0       0       0       0       0       0
0       0       0       0       3       0       0       0       0       0       1       0  00       0       0       0       1       0       0       0     0       0       1       0  00       0       0       0       0       0       0       0       0       0       0       0  00       0       0       0      1       0       0       0       0       0       0       0  00       0       0       0       0       0       0       0       0       0
0       9       0       0       0       1       0       0       0       0       0       0  00       0       0       0       0       6       0       0     0       0       0       0  00       0       0       1       0       0       0       0       0       0       0       0  02       0       0       0      0       0       0       0       5       0       0       0  00       0       0       0       0       0       0       0       0       0
0       1       0       0       0       2       0       0       0       0       0       0  00       0       0       0       0       0       0       0     0       0       0       0  00       0       0       0       0       0       0       0       0       0       0       0  01       0       0       0      0       0       0       0       0       0       0       0  00       0       0       0       0       0       0       0       0       0
0       0       0       0       0       0       0       0       0       0       0       0  00       0       0       0       0       0       0       1     0       0       0       0  00       0       0       0       0       0       0       0       0       0       0       0  00       0       0       0      0       0       0       0       1       0       0       0  00       1       0       0       0       0       0       0       0       0
0       0       0       0       0       0       2       0       0       0       0       0  00       0       0       0       0       0       0       0     2       0       0       0  00       0       0       0       0       0       0       0       0       0       0       1  00       0       0       0      0       0       0       0       0       0       0       0  00       0       0       0       0       0       0       0       0       0
0       0       0       0       0       0       0       0       0       0       0       0  00       0       0       0       0       0       0       0     0       9       0       0  00       0       0       1       0       0       0       0       0       0       0       0  00       0       0       0      0       0       0       0       0       1       1       0  00       0       0       0       0       0       0       0       0       0
0       0       0       0       1       0       0       0       0       0       0       0  01       0       0       0       2       0       0       0     0       0       3       1  00       0       0       0       1       0       0       0       0       0       0       0  00       0       0       0      0       0       0       0       0       0       1       0  00       0       0       1       0       0       0       0       0       0
18      0       0       0       0       0       0       0       0       0       0       0  00       0       1       0       0       1       0       0     0       0       0       17 00       0       0       0       1       0       0       0       0       0       0       0  00       0       0       0      0       0       0       0       0       0       0       1  00       0       0       0       0       0       0       0       0       0
0       1       0       0       0       0       0       0       1       0       0       0  00       0       0       0       0       0       0       0     0       0       0       0  80       0       0       0       1       0       0       0       0       0       0       0  00       0       0       1      0       0       0       0       0       0       0       0  00       0       0       0       0       0       0       0       0       0
1       0       0       0       0       0       0       0       0       0       0       0  00       0       0       0       0       0       0       0     0       0       0       1  00       0       0       0       0       0       0       0       0       0       0       0  00       0       0       1      0       0       0       0       0       0       0       0  00       0       0       0       0       0       0       0       0       0
1       0       1       0       0       0       0       0       1       1       0       0  00       0       0       0       0       0       0       0     0       0       0       0  10       1       0       0       0       0       0       0       0       0       0       0  00       2       0       0      0       0       0       1       0       0       1       0  00       0       0       1       0       0       0       0       0       0
0       0       0       4       0       5       0       0       0       0       0       0  00       0       0       0       0       0       0       0     0       0       0       0  00       0       7       0       0       0       0       0       0       0       0       0  00       1       0       0      0       0       1       0       0       0       0       0  00       0       4       0       0       0       0       0       0       0
0       1       0       0       0       0       0       1       0       0       0       0  00       0       0       0       0       0       0       0     0       0       0       0  00       0       0       6       0       0       0       0       0       0       0       0  00       0       0       0      0       0       0       0       0       0       0       0  00       2       0       1       0       0       0       0       0       0
2       0       1       0       0       0       0       0       1       0       0       0  00       0       0       0       0       0       0       0     0       0       0       2  00       0       0       0       5       0       0       0       0       0       1       0  00       0       0       0      0       0       0       0       0       0       0       0  00       0       0       0       4       0       0       0       0       0
0       0       0       0       1       0       0       0       0       0       0       0  00       0       0       0       0       0       0       0     0       0       0       0  00       0       0       0       0       1       0       0       0       0       0       0  00       0       0       0      0       0       0       0       0       0       0       0  00       0       0       1       0       0       0       0       0       0
0       1       0       0       0       0       1       0       0       0       0       0  00       0       0       0       0       0       0       0     0       0       1       0  00       0       0       0       1       0       3       0       0       0       0       0  00       0       0       0      0       0       0       0       0       0       0       0  00       0       0       0       1       0       1       0       0       0
0       2       0       0       0       0       0       0       0       0       0       0  00       0       0       0       0       0       0       0     0       0       0       0  00       0       0       0       0       0       0       1       0       0       0       0  00       0       0       0      0       0       0       0       0       0       0       0  00       0       0       0       0       0       0       2       0       0
0       3       0       0       1       0       0       0       0       0       0       0  00       0       0       0       0       0       0       0     0       0       0       0  00       0       0       0       0       0       0       0       2       0       0       0  00       0       0       0      0       0       0       0       1       0       0       0  00       0       0       1       0       0       0       0       0       0
0       0       4       1       0       0       0       4       0       0       0       0  00       0       0       0       0       0       0       0     0       0       0       0  00       0       0       0       0       0       0       0       0       0       0       0  00       0       0       0      0       0       0       0       0       0       0       0  00       0       0       0       0       0       0       0       0       0
1       0       3       0       0       0       0       0       0       1       0       0  00       0       1       0       0       0       0       0     0       0       0       2  00       0       0       0       0       0       0       0       0       0       5       0  10       1       0       0      0       0       0       0       0       0       0       0  00       0       0       0       0       0       0       1       0       0
0       0       0       0       0       0       4       0       0       0       1       0  00       0       0       0       0       1       0       0     0       0       0       2  00       0       0       0       0       0       0       0       0       0       0       1  00       0       0       0      0       0       0       0       1       0       0       0  00       0       0       0       0       0       0       0       0       0
0       0       0       0       0       0       0       0       0       0       0       0  10       0       0       0       0       0       0       0     0       0       0       0  00       0       0       0       0       0       0       0       0       0       0       0  00       1       0       0      0       0       0       0       0       0       0       0  00       0       0       0       0       0       0       0       0       0
2       0       1       0       1       0       0       0       0       0       0       0  00       0       0       0       0       0       1       0     0       0       0       0  00       0       0       0       0       0       0       0       0       0       0       0  08       0       0       0      0       0       0       0       0       0       0       0  00       0       0       0       0       2       0       0       0       0
0       0       0       0       0       1       1       0       0       0       0       0  30       0       0       0       0       0       0       0     0       0       0       1  00       1       0       0       0       0       0       0       0       0       1       0  10       25      0       0      0       0       0       0       0       0       0       0  00       0       0       0       0       0       0       0       0       0
0       1       0       0       0       0       0       0       0       0       0       0  00       0       0       0       0       0       0       0     0       0       0       0  00       0       0       0       0       0       0       0       0       0       0       0  00       0       0       0      0       0       0       0       0       0       0       0  00       0       0       1       0       0       0       0       0       0
0       0       0       0       0       0       0       0       0       1       0       0  00       0       0       0       0       0       0       0     0       0       0       0  00       0       0       0       0       0       0       0       0       0       0       0  00       0       0       0      0       0       1       0       0       0       0       0  00       0       0       0       0       0       0       0       0       0
0       0       1       0       0       0       4       0       0       0       0       0  00       0       0       0       0       0       0       0     0       0       0       0  00       0       0       0       0       0       0       0       0       0       0       1  00       0       0       0      10      0       0       0       1       0       1       0  00       0       0       1       0       0       0       0       0       0
0       2       0       0       0       0       0       0       0       0       0       0  00       0       0       0       0       0       0       0     0       0       0       0  00       0       0       0       0       0       0       0       0       0       0       0  00       0       0       0      0       0       0       0       0       0       0       0  00       0       0       0       0       0       0       0       0       0
0       0       0       0       0       0       0       0       0       0       0       0  00       0       0       0       0       0       1       0     0       0       0       0  00       0       0       0       0       0       0       0       0       0       0       0  01       0       0       0      0       0       0       0       0       0       0       0  00       0       0       0       0       0       0       0       0       0
0       0       0       0       1       0       0       0       0       0       0       0  00       0       0       0       0       0       0       1     0       1       0       0  00       0       0       0       0       0       0       0       0       0       0       0  00       2       0       0      1       0       0       0       0       0       0       0  00       0       0       1       0       0       0       0       0       0
0       17      0       0       0       0       0       0       0       0       0       0  00       0       0       0       0       2       0       0     0       0       0       0  00       0       0       0       0       0       0       0       0       0       0       0  00       0       0       0      0       0       0       0       5       0       0       0  00       0       0       1       0       0       0       0       0       0
0       0       0       0       0       0       0       0       0       0       0       0  00       0       0       0       0       0       0       0     0       2       0       0  00       0       0       0       0       0       0       0       0       0       0       0  00       0       0       0      0       0       0       0       0       0       0       0  00       0       0       0       0       0       0       0       0       0
0       0       0       0       0       0       0       0       0       0       0       0  00       0       0       0       0       1       0       0     0       1       0       0  00       0       0       0       0       0       0       0       0       0       0       0  00       0       0       0      0       0       0       0       0       0       9       0  00       0       0       0       0       0       0       0       0       0
0       0       0       0       0       0       0       0       0       0       0       0  00       0       0       0       0       0       0       0     0       0       0       1  00       0       0       0       0       0       0       0       0       0       0       0  00       0       0       0      0       0       0       0       0       0       0       0  00       0       0       0       0       0       0       0       0       0
0       0       0       0       0       0       0       0       0       0       0       0  00       0       1       0       0       0       0       0     0       0       0       0  10       1       0       0       0       0       0       0       0       0       0       0  00       0       0       0      0       0       0       0       0       0       0       0  00       0       0       0       0       0       0       0       0       0
0       1       0       0       0       0       0       0       0       4       0       0  00       0       0       0       0       0       0       0     0       0       0       1  00       0       0       0       0       0       0       0       0       0       0       0  00       0       0       0      0       0       0       0       0       1       0       0  00       0       0       1       0       0       0       0       0       0
0       0       0       0       0       0       0       0       0       0       0       0  00       0       0       0       0       1       0       0     0       0       0       0  00       0       0       0       0       0       0       0       0       0       0       0  00       0       0       0      0       0       0       0       0       0       1       0  00       15      0       2       0       0       0       0       0       0
0       0       0       0       0       0       0       0       0       0       0       0  00       0       0       0       0       0       0       0     0       0       0       0  00       0       1       0       0       0       0       0       0       0       0       0  00       0       0       0      0       0       0       0       0       0       0       0  00       0       0       0       0       0       0       0       0       0
0       4       0       0       1       1       0       0       0       0       0       0  00       1       1       0       0       3       0       0     0       0       0       0  00       0       0       2       0       0       0       0       0       0       0       0  00       0       0       0      0       0       0       0       1       0       0       0  01       1       0       6       0       0       0       0       0       0
0       0       0       0       0       0       0       0       0       0       0       0  00       0       0       0       0       0       0       0     0       0       0       0  00       0       0       0       2       0       0       0       0       0       0       0  00       0       0       0      0       0       0       0       0       0       0       0  00       0       0       0       0       0       0       0       0       0
0       1       0       0       2       0       0       0       0       0       0       0  00       0       0       0       0       0       0       0     0       0       0       0  00       0       0       0       0       1       0       0       0       0       0       0  00       0       0       0      0       0       0       0       0       0       0       0  00       0       0       0       0       3       0       0       0       0
0       0       0       0       0       0       0       0       0       0       0       0  00       0       0       0       0       0       0       0     0       0       0       0  00       0       0       0       2       0       1       0       0       0       0       0  00       0       0       0      0       0       0       0       0       0       0       0  00       0       0       0       0       0       1       0       0       0
0       1       0       0       0       0       0       1       0       0       0       0  00       0       0       0       0       0       0       0     0       0       0       0  00       0       0       0       0       0       0       0       0       0       0       0  00       0       0       0      0       0       0       0       0       0       0       0  00       0       0       0       0       0       0       1       0       0
0       1       0       0       1       0       0       0       0       1       0       0  00       0       0       0       0       0       0       0     0       0       0       0  00       0       0       0       0       2       0       0       1       0       0       0  00       0       0       0      0       0       0       0       0       0       0       0  00       0       0       0       0       0       0       0       0       0
0       0       4       0       0       0       0       2       0       0       0       0  00       0       0       0       0       0       0       0     0       0       0       0  00       0       0       1       0       0       0       0       0       0       0       0  00       1       0       0      0       0       0       0       0       0       0       0  00       0       0       0       0       0       0       0       0       1